-0.6068273795687575 0.0 -0.02275793189585862
-0.5913153221884089 0.010932623973952981 -0.02624629860520722
-0.5852484586601164 0.04165508172961748 -0.027595381107607064
-0.5975401644312507 0.08606248209045012 -0.027931122344793113
-0.6333841167337078 0.13485097895322934 -0.0262922953832887
-0.6944241465847558 0.17693339512268197 -0.023754886930134056
-0.7770750799372643 0.20114297894003288 -0.0194355138762492
-0.873793380302627 0.19806662659017932 -0.014046951622096682
-0.9733881012688492 0.1616770993194317 -0.008045222226964466
-1.0626713984821337 0.09057672119089372 -0.0023032457742973023
-1.1285920331149233 -0.011361546935292304 0.00099103748625895
-1.1582519105134697 -0.13505123281441014 0.004438942034916682
-1.144376571118403 -0.26697230094348917 0.0043840832314132605
-1.0843632963537475 -0.39065678698353906 -0.0013963622615031923
-0.9810609925013023 -0.4885772627111893 -0.01318038683800804
-0.841011191660817 -0.5441583370948184 -0.02273854305035128
-0.6801071839856212 -0.5445032539345509 -0.03274467445547069
-0.5179095304865939 -0.4821826289004274 -0.04338557599299131
-0.3737603821053011 -0.35661024057755886 -0.04572601559383438
-0.27299434320016247 -0.17537299645984997 -0.05164038821090955
-0.23289465596032632 0.04675061115247783 -0.0552606773840183
-0.26561677047357923 0.28837413078328217 -0.051579942172525595
-0.3804474930029337 0.5239018450277586 -0.052177737534352175
-0.5680039998936826 0.72542007774813 -0.034950706305068024
-0.8202505587352749 0.8672653971102037 -0.015156857946633906
-1.1152087888830928 0.9281023378599593 0.010365778429692885
-1.425929435987902 0.8943443666976195 0.03882819317746389
-1.7212795621475063 0.7620265003707054 0.06816867615467936
-1.9706952063532337 0.5379749260403818 0.09307093965337421
-2.142384362376518 0.23933056565140726 0.11980921627247998
-2.2197340330683097 -0.10706146521520009 0.1307740256525376
-2.186851233062187 -0.4678832728517804 0.13146513310869468
-2.042079540036192 -0.8058756542945033 0.11915083088075562
-1.7921670245378323 -1.0832538972185135 0.10159693078940624
-1.4604960722846885 -1.266479268302696 0.07433248765709255
-1.0780579297834874 -1.329427418487344 0.041224454537511335
-0.6850227875517971 -1.2572441943145929 0.0024637193231646926
-0.32358365909694153 -1.0481981182901534 -0.03485564649709927
-0.0344422307779344 -0.7152713049801596 -0.05861928356547663
0.1445234690172903 -0.2866285185118963 -0.06502358226363292
0.18138706491483814 0.19721631617271285 -0.06709492954766993
0.06270003690494064 0.6880663434721243 -0.06143068147707886
-0.20537708709813973 1.1334338206586256 -0.03288928039285732
-0.6034805788611657 1.4830285952563114 0.017526049185585535
-1.098602457815187 1.6953313725863997 0.08137742209278453
-1.64658786633699 1.7423451497119293 0.1479559338425238
-2.191495278937432 1.6115191831377689 0.21985173115489243
-2.681862352532624 1.3097011107124887 0.2821569894166318
-3.067736444880199 0.8606350315124995 0.328102608180906
-3.3028010633281477 0.3033047539691078 0.3642567124469105
-3.362218697007042 -0.3101815740007157 0.37872515350234526
-3.2314559632389375 -0.9203449130781999 0.3758301114346745
-2.918739934932709 -1.4654192514188291 0.3511956178551827
-2.4523831134795 -1.8878742971748408 0.29766496219883365
-1.8660428817773418 -2.136819032163482 0.23977590176047592
-1.2222926161064447 -2.179030308049064 0.16648629749016575
-0.5867993411919388 -1.999236149703583 0.08326894261336903
-0.024818030453808815 -1.603152787796409 0.010210600275993187
0.39686270491443465 -1.0217199966241997 -0.048520950300799726
0.628884735586015 -0.3072875527612918 -0.06658727958091415
0.6300035358616256 0.46847377501535525 -0.062498802886817195
0.3906833023209877 1.2253043773761434 -0.027593311786727526
-0.07061954794798853 1.8807380639421256 0.0488538609490341
-0.7152849927678158 2.3623079276724006 0.1528598198737594
-1.4828533344412511 2.6153725071719016 0.27318861005642336
-2.2967451709049747 2.608136456893855 0.40416341516224463
-3.083524530351675 2.3379067918083627 0.5174071812198306
-3.7558419349504804 1.8234803349784623 0.6269298778582622
-4.252690354926289 1.1119875938575356 0.7080287710251199
-4.522070321656662 0.26773698960457076 0.7554548780426487
-4.530493578299914 -0.6310263066758574 0.7699070433663442
-4.268410792264125 -1.4980433098619887 0.7539078046256531
-3.759319214570854 -2.2480302547479116 0.6962093354752223
-3.0430131678026138 -2.802305703548922 0.6047418682973937
-2.1813210437255877 -3.095884993161993 0.49213961303846254
-1.2611801626654167 -3.0878382327880214 0.3560572591812168
-0.37364699501553966 -2.762318343093642 0.21529770484306354
0.3852155747067765 -2.1362162969362353 0.08720293703397086
0.9270072685091784 -1.2605875216673543 -0.007816723818873328
1.1839982687436394 -0.21890052606361982 -0.041747830519094364
1.1118777570079759 0.8797134532123372 -0.020580268669843527
0.708329825796469 1.916179870533754 0.06320842050474518
0.010246155040461336 2.7750590558089288 0.20963657068348684
-0.9166017819976627 3.3631765352953265 0.39170910545287185
-1.9772687247541552 3.616460512114823 0.5971624988861066
-3.06856793601158 3.509042687006815 0.7995866841544554
-4.083137799336972 3.049947496076612 0.9837582584185895
-4.922893837001566 2.2816175407938624 1.1357864854777588
-5.505243823042184 1.2741783761376944 1.2476768356571757
-5.7726417166990025 0.11956720716318894 1.3110333728654755
-5.694377453266078 -1.0765760583037842 1.322085777769339
-5.272126932839024 -2.2030372560205507 1.2760989005719336
-4.534455347762818 -3.150543733375305 1.1786784567552164
-3.543612210276426 -3.8212589197396327 1.0321407679756636
-2.3880700054546753 -4.137008905533459 0.8436693531179094
-1.1780659112317857 -4.047795641559015 0.62418473046319
-0.034146899720277846 -3.5374755015891246 0.40108131080080245
0.9179804979651704 -2.6339641547471913 0.20573697783629719
1.5621115556229679 -1.4140741031231947 0.067843210198677
1.8114827999520005 -5.637634396651656e-15 0.020012410189330865
