2269.5 2499.0 7.327563305465664
2275.5 2495.0 7.133646037236134
2277.5 2483.0 7.13868495934576
2273.5 2466.5 7.536540944445762
2259.5 2448.0 8.456096337938378
2236.5 2432.0 9.955512972728837
2205.5 2423.0 12.021381066962457
2169.0 2424.0 14.504918437400143
2131.5 2438.0 17.187363222848592
2098.0 2465.0 19.755632261980757
2073.0 2503.0 21.897848962109915
2062.0 2550.0 23.302339992789324
2067.0 2600.0 23.72542240314543
2089.5 2646.0 22.991768882345966
2130.0 2682.5 21.131696517852987
2182.5 2703.5 18.259777194008347
2243.5 2703.5 14.701393267021864
2304.5 2680.0 10.947467367765698
2357.0 2633.5 7.601558849031557
2395.0 2565.0 5.353639632343174
2410.5 2481.5 4.80666207883559
2397.5 2390.0 6.2640855214506885
2355.5 2302.5 10.287151654679752
2285.0 2226.0 16.85249777272072
2190.5 2173.0 25.588386706897765
2079.5 2149.5 35.92911506895492
1963.0 2162.5 47.01525704307751
1851.5 2212.5 57.87230202407525
1757.5 2296.0 67.4987203383234
1691.5 2409.0 75.00277942699545
1663.0 2539.5 79.54371203729792
1675.0 2675.5 80.5962553925963
1730.5 2801.5 77.86799242229004
1824.5 2906.0 71.43315403548414
1949.0 2975.0 61.74901633104393
2093.5 2998.5 49.6752562567329
2241.5 2971.5 36.55120748144593
2377.0 2893.0 23.99027426327557
2485.5 2767.0 13.836907507497349
2551.5 2607.0 7.972356327333462
2565.0 2425.0 7.79235842783724
2522.0 2241.0 13.785124821263775
2421.5 2073.5 26.598346448112896
2271.5 1942.5 45.27528742753226
2086.0 1862.5 68.31887154114
1879.5 1844.5 93.67085206090962
1675.0 1893.5 119.11928537541868
1490.0 2006.5 142.4024842313015
1346.0 2175.5 161.4851606837385
1257.5 2385.0 174.75666279789695
1235.5 2615.5 181.01885616965313
1284.0 2845.0 179.52212742110305
1402.0 3050.0 170.11041850326512
1577.5 3207.5 153.22452026232912
1797.5 3301.0 130.1120581005815
2039.0 3317.0 102.78090685663282
2278.0 3249.0 74.10807139189771
2488.5 3100.0 47.68906711320418
2647.5 2882.0 27.641186340329895
2733.5 2614.5 17.738132074258374
2733.5 2323.0 19.709304741344887
2644.5 2039.5 34.910178964570804
2471.5 1793.5 63.20723887854574
2229.0 1613.0 101.79511667404977
1941.5 1518.0 146.80320485061316
1635.0 1520.5 193.88295108030653
1341.5 1622.0 238.75477788220928
1088.5 1815.0 277.8021470937929
902.0 2081.5 307.89871349005426
801.5 2398.5 326.85252542941464
798.5 2736.0 333.2825155245545
896.0 3061.0 326.3779574965216
1088.0 3342.0 306.07113143408435
1357.0 3549.5 273.3843470397291
1679.5 3659.5 230.38436087946707
2025.0 3656.0 180.73113735330998
2357.5 3534.0 129.6333395687964
2641.5 3299.0 83.74843324541249
2845.5 2971.0 50.57551447999901
2940.0 2581.0 36.609750643927526
2913.0 2170.0 44.79229640599452
2763.0 1782.0 76.68872381965568
2501.5 1460.0 129.829836401812
2154.0 1239.5 197.921507886841
1756.5 1145.0 273.3376315428983
1347.5 1184.5 348.5277131013994
967.5 1356.0 417.02840316206505
652.5 1644.5 473.8255972986469
434.0 2021.0 515.1859948060709
343.0 2454.5 534.8345122204371
363.5 2902.5 543.1048959298623
522.0 3324.5 527.3547036372555
799.0 3679.0 491.614690952084
1170.0 3930.0 437.30337142634056
1603.0 4047.5 367.4422382064205
2056.5 4013.5 287.6098651772594
2485.0 3822.0 206.25134966275738
2840.0 3484.0 134.5684166696918
3080.5 3027.5 85.35676267635306
3174.0 2499.0 69.0706491477499
