1180.5 3552.0 313.2058088747747
1249.0 3557.0 294.5840454248316
1319.0 3561.0 276.8185484845665
1389.5 3565.5 259.87552375399906
1461.5 3569.5 243.99650988692832
1534.0 3574.0 228.94130948557557
1608.0 3578.5 214.92302954552184
1682.0 3581.5 201.9293675801115
1758.0 3586.0 190.0208544514348
1835.0 3589.5 179.22073766264913
1912.5 3593.5 169.5618798919825
1991.0 3596.5 161.1468463132483
2070.5 3600.0 153.9199501102827
2151.0 3603.0 147.99992438577635
2232.0 3606.0 143.37345637238386
2314.5 3608.5 140.15109704973037
2397.5 3612.0 138.30677027952353
2481.0 3614.0 137.8531886522676
2566.0 3616.0 139.01622848203525
2651.5 3617.5 141.6627138700668
2737.0 3619.5 145.8595359254844
2824.0 3621.5 151.67972329046836
2911.5 3623.0 159.14595608258344
2999.5 3624.0 168.2896044669537
3087.5 3625.5 179.16903515224104
3177.5 3626.0 191.7971656779493
3169.0 3541.0 170.6135470647825
3161.5 3455.0 150.973026917234
3154.0 3367.5 132.85452979935337
3147.0 3279.5 116.39134844778374
3140.5 3190.0 101.55525050521007
3133.5 3100.5 88.46041747953005
3127.0 3010.0 77.0271492295117
3121.0 2918.0 67.39831394089256
3116.0 2826.0 59.56314460215377
3111.0 2733.5 53.6022064344419
3106.0 2640.0 49.467971332094365
3102.0 2546.5 47.22336414878546
3098.0 2452.0 46.871286032706266
3094.5 2357.0 48.4485650659571
3091.5 2261.5 51.9633126301137
3088.5 2167.0 57.45103504425369
3085.5 2071.5 64.94276526720844
3084.0 1975.5 74.4664947885683
3082.5 1879.5 86.00978521313635
3081.5 1784.0 99.63480786848194
3080.5 1688.5 115.30173714861961
3080.5 1593.0 133.0218763524137
3081.0 1497.5 152.78445581679392
3081.5 1402.0 174.63844523174913
3082.0 1307.5 198.51426904587748
2980.0 1303.5 187.91005668138197
2878.0 1299.0 179.4863445683851
2776.5 1295.5 173.32516513815685
2673.0 1292.5 169.3559948848322
2571.0 1289.5 167.58848926689424
2469.0 1286.5 168.01899191512547
2367.0 1284.5 170.62779111893227
2265.0 1282.5 175.4550102438805
2164.5 1280.0 182.42350479380963
2062.5 1278.5 191.52772375315084
1962.0 1277.5 202.77423418977827
1862.5 1276.5 216.09548837511534
1762.5 1276.0 231.47790440615498
1664.0 1275.5 248.85759150214852
1566.5 1275.5 268.29078937314773
1469.0 1275.5 289.6070643981986
1373.0 1276.0 312.8981662610728
1277.5 1277.5 337.99730798749056
1183.0 1278.5 364.97032378811764
1090.0 1280.0 393.7338975424036
997.5 1281.5 424.2310038135945
906.5 1283.0 456.44769645857036
816.0 1285.5 490.2636817124461
727.5 1288.0 525.7303921706512
640.0 1290.5 562.6754325175834
653.0 1391.0 529.0544661380299
666.5 1490.5 497.73081923157224
681.5 1590.0 468.5997244787812
697.5 1688.5 441.86904951655885
714.5 1786.5 417.28504174660935
731.5 1884.0 394.80437727560343
750.0 1981.5 374.4044238737784
769.5 2078.0 356.12405809803124
789.5 2173.0 339.8171072239299
810.5 2267.0 325.4966538648706
831.5 2361.0 313.1006949192031
853.5 2453.5 302.56098727996107
876.0 2544.5 293.88586693565384
899.0 2635.0 286.9819009190612
922.5 2724.5 281.77598010646943
946.5 2812.5 278.27304240783485
971.5 2899.5 276.31815934879495
996.0 2986.0 275.9892143292717
1021.5 3070.0 277.1697700959486
1047.5 3153.5 279.8049872403441
1073.5 3236.0 283.8464815880801
1100.0 3317.0 289.29792237671165
1127.0 3396.5 295.9990219098968
1153.5 3475.0 303.97210482744964
